129
69.19 41.61 -36.03 F10h
59.79 57.17 -2.53 AFF8h
43.69 64.86 31.83 AFF4
27.94 55.43 59.76 F2
16.39 41.51 76.28 FFC2h
0.57 24.63 87.63 FCz
-17.91 -11.58 96.59 C1h
53.61 67.74 -14.46 AF8
25.34 82.97 8.48 AFp4
19.27 78.45 30.57 AF2
1.3 69.71 51.31 AFFz
-14.53 41.27 76.08 FFC1h
-33.69 6.01 84.21 FCC1
15.5 86.52 -7.14 Fp2h
1.08 85.62 14.88 AFpz
1.25 79.68 33.7 AFz
1.14 86.49 -3.79 Fpz
-16.89 78.69 30.25 AF1
-37.41 53.47 50.53 F3h
-42.54 38.74 59.65 FFC3h
-13.02 86.45 -7.12 Fp1h
-38.61 74.28 12.06 AF5h
-41.18 65.02 31.13 AFF3
-53.99 37.31 48.02 FFC3
-51.22 68.2 -14.91 AF7
-58.03 57.76 -3.33 AFF7h
-62.91 35.39 34.21 FFC5h
-58.83 21.02 54.82 FC3
-62.63 3.97 60.61 FCC3
-51.58 -12.69 78.66 C3h
-18.67 -30.34 98.43 CCP1h
-66.99 41.69 -15.96 F7
-71.82 30.3 1.35 FFT7h
-78.47 1.18 25.86 FCC5
-75.65 -14.07 48.31 C5h
-65.57 -13.25 64.98 C3
-52.11 -49.06 81.63 CP3h
-76.94 12.78 -35.79 FT9h
-83.36 -16.52 -12.65 T7/T3
-83.68 -31.76 10.13 TTP7h
-76.69 -31.33 50.64 CCP5h
-65.51 -48.48 68.57 CP3
-76.06 12.16 -56.71 FT9
-79.21 -2.28 -34.83 FTT9h
-81.59 -46.89 -9 TP7
-80.98 -47.22 11.29 TP7h
-74.45 -63.05 31.27 CPP5
-76.06 12.16 -56.71 FT9
-77.29 -17.57 -53.81 T9
-77.09 -61.19 -6.22 TPP7
-67.76 -77.87 29.56 P5
-62.83 -79.25 45.4 P5h
-49.03 -66.01 78.18 CPP3h
-17.73 -66.15 91.88 CPP1h
-0.42 -48.77 98.37 CPz
-75.8 -46.45 -49.76 TP9
-76.24 -61.74 -26.62 TPP9h
-64.18 -88.69 -0.75 PPO7
-59.07 -90.92 26.8 PPO5
-46.66 -93.04 50.67 PPO3
-25.9 -94.35 64.97 PPO1
-0.87 -82.23 82.43 Pz
-67.42 -74.11 -44.53 P9
-59.48 -86.45 -40.96 PPO9
-53.82 -99.37 2.66 PO7
-36.3 -109.49 19.42 POO5
-19.76 -104.23 49.89 PO1
-50.21 -97.44 -37.11 PO9
-39.48 -106.43 -33.16 POO9
-28.75 -115.31 -9.42 OI1
-14.02 -111.67 33.96 POO1
7.56 -104.7 52.51 PO2h
-27.61 -113.68 -29.05 I1
-14.82 -118.31 -25.14 I1h
-1.66 -120.1 -2.74 OIz
24.13 -111.03 28.84 POO4
26.15 -103.69 45.77 PO4h
29.11 -81.54 78.13 P2
32.88 -66.01 87.67 CPP2
18.68 -30.15 98.55 CCP2h
11.88 -118.91 -25.45 I2h
25.35 -114.31 -29.44 I2
26.38 -116 -9.77 OI2
46.62 -101.16 23.15 PO6
44.84 -92.66 50.17 PPO4
47.86 -65.56 78.65 CPP4h
51.53 -48.69 82.15 CP4h
38.15 -106.92 -33.38 POO10
38.15 -106.92 -33.38 POO10
53.04 -99.28 2.78 PO8
57.87 -90.64 26.79 PPO6
68.94 -64.1 49.57 CPP6h
74.72 -48.12 51.51 CP6h
59.89 -87.04 -40.77 PPO10
59.89 -87.04 -40.77 PPO10
71.1 -75.17 -3.69 P8/T6
74.03 -63.21 31.57 CPP6
79.61 -47.83 31.9 CP6
74.31 -60.62 -47.37 TPP10
76.91 -61.5 -26.94 TPP10h
77.73 -61.19 -6.45 TPP8
82.04 -47.2 11.43 TP8h
77.91 -31 50.89 CCP6h
66.5 -12.8 65.11 C4
52.33 -12.25 78.41 C4h
19.14 -11.45 96.69 C2h
77.66 -46.36 -49.57 TP10
84.68 -31.86 -10.51 TTP8
82.3 -14.84 28.53 C6
74.42 2.92 44.53 FCC6h
50.62 5.69 73.94 FCC4h
35.04 6.32 84.5 FCC2
78.46 -17.13 -52.97 T10
80.47 -2.23 -34.15 FTT10h
82 -1.86 -13.29 FTT8
76.41 17.39 23.06 FC6
60.29 21.16 55.58 FC4
44.6 38.92 60.79 FFC4h
77.4 12.15 -55.93 FT10
77.4 12.15 -55.93 FT10
74.84 27.56 -35.93 FFT10h
73.7 29.74 2.12 FFT8h
64.94 35.31 35.01 FFC6h
50.38 51.84 41.33 F4
69.19 41.61 -36.03 F10h
53.45 63.44 -54.56 AF10
-51.13 64.26 -55.31 AF9
-73.28 27.71 -36.42 FFT9h
0.23 -11.28 99.81 Cz
